name: lstm_env
channels:
  - defaults
  - conda-forge
  - pytorch
dependencies:
  - blas=1.0=mkl
  - brotlipy=0.7.0=py37h2bbff1b_1003
  - ca-certificates=2022.10.11=haa95532_0
  - catalogue=2.0.7=py37haa95532_0
  - certifi=2022.12.7=py37haa95532_0
  - cffi=1.15.1=py37h2bbff1b_3
  - charset-normalizer=2.0.4=pyhd3eb1b0_0
  - click=8.0.4=py37haa95532_0
  - colorama=0.4.6=py37haa95532_0
  - confection=0.0.3=py37heaed05f_0
  - cryptography=38.0.4=py37h21b164f_0
  - cudatoolkit=10.2.89=h74a9793_1
  - cymem=2.0.6=py37hd77b12b_0
  - cython-blis=0.7.8=py37h3a130e4_0
  - fftw=3.3.9=h2bbff1b_1
  - icc_rt=2022.1.0=h6049295_2
  - idna=3.4=py37haa95532_0
  - importlib-metadata=4.11.3=py37haa95532_0
  - intel-openmp=2021.4.0=haa95532_3556
  - jinja2=3.1.2=py37haa95532_0
  - joblib=1.1.1=py37haa95532_0
  - langcodes=3.3.0=pyhd3eb1b0_0
  - libuv=1.40.0=he774522_0
  - markupsafe=2.1.1=py37h2bbff1b_0
  - mkl=2021.4.0=haa95532_640
  - mkl-service=2.4.0=py37h2bbff1b_0
  - mkl_fft=1.3.1=py37h277e83a_0
  - mkl_random=1.2.2=py37hf11a4ad_0
  - murmurhash=1.0.7=py37hd77b12b_0
  - ninja=1.10.2=haa95532_5
  - ninja-base=1.10.2=h6d14046_5
  - nltk=3.6.3=pyhd3eb1b0_0
  - numpy=1.21.2=py37hfca59bb_0
  - numpy-base=1.21.2=py37h0829f74_0
  - openssl=1.1.1s=h2bbff1b_0
  - packaging=22.0=py37haa95532_0
  - pathy=0.6.1=py37haa95532_0
  - pip=22.3.1=py37haa95532_0
  - preshed=3.0.6=py37h6c2663c_0
  - pycparser=2.21=pyhd3eb1b0_0
  - pydantic=1.9.0=py37h2bbff1b_1
  - pyopenssl=22.0.0=pyhd3eb1b0_0
  - pysocks=1.7.1=py37_1
  - python=3.7.15=h6244533_1
  - python_abi=3.7=2_cp37m
  - pytorch=1.9.0=py3.7_cuda10.2_cudnn7_0
  - regex=2022.7.9=py37h2bbff1b_0
  - requests=2.28.1=py37haa95532_0
  - scikit-learn=1.0.2=py37hf11a4ad_1
  - scipy=1.7.3=py37h7a0a035_2
  - setuptools=65.6.3=py37haa95532_0
  - shellingham=1.5.0=py37haa95532_0
  - six=1.16.0=pyhd3eb1b0_1
  - smart_open=5.2.1=py37haa95532_0
  - spacy=3.4.0=py37h81562fc_0
  - spacy-legacy=3.0.9=py37haa95532_0
  - spacy-loggers=1.0.1=pyhd3eb1b0_0
  - sqlite=3.40.1=h2bbff1b_0
  - srsly=2.4.3=py37hd77b12b_0
  - thinc=8.1.5=py37h60b307f_0
  - threadpoolctl=2.2.0=pyh0d69192_0
  - torchtext=0.10.0=py37
  - tqdm=4.64.1=py37haa95532_0
  - typer=0.4.1=py37haa95532_0
  - typing-extensions=4.1.1=hd3eb1b0_0
  - typing_extensions=4.1.1=pyh06a4308_0
  - ucrt=10.0.20348.0=haa95532_0
  - urllib3=1.26.13=py37haa95532_0
  - vc=14.2=h21ff451_1
  - vs2015_runtime=14.34.31931=h4c5c07a_10
  - wasabi=0.9.1=py37haa95532_0
  - wheel=0.37.1=pyhd3eb1b0_0
  - win_inet_pton=1.1.0=py37haa95532_0
  - wincertstore=0.2=py37haa95532_2
  - zipp=3.11.0=py37haa95532_0
prefix: C:\ProgramData\Anaconda3\envs\lstm_env
